%Left side dataset 1

ka1 =[1.7993   -0.0521    1.3630
         0    1.8245    0.6488
         0         0    0.0010];
ri1 =[0.9998    0.0063   -0.0167
    0.0005    0.9258    0.3781
    0.0179   -0.3781    0.9256];
ti1 =[-0.0240
   -0.0905
    0.1106];
	
%Right side dataset 1

kb1 =[1.8823   -0.0469    1.3892
         0    2.0009    0.7181
    0.0000   -0.0000    0.0010];
rj1 =[0.9999    0.0044   -0.0095
   -0.0008    0.9379    0.3469
    0.0104   -0.3468    0.9379];
tj1 =[0.0361
   -0.0951
    0.1265];
	
%Left side dataset 2

ka2 =[1.3296   -0.0168    1.3721
   -0.0000    1.3888    0.9743
   -0.0000    0.0000    0.0010];
ri2 =[0.9998   -0.0076    0.0163
    0.0048    0.9858    0.1680
   -0.0173   -0.1679    0.9856];
ti2 =[-0.0327
   -0.0977
    0.0078];
	
%Right side dataset 2

kb2 =[1.6095   -0.3181    1.0602
    0.0000    1.4561    0.0772
         0         0    0.0010];
rj2 =[0.9965   -0.0046    0.0836
   -0.0378    0.8664    0.4980
   -0.0747   -0.4994    0.8632];
tj2 =[0.0993
   -0.0038
    0.1038];
	
%Left side dataset 3

ka3 =[1.8525   -0.0226    1.3900
         0    1.8942    0.7423
         0         0    0.0010];
ri3 =[1.0000    0.0025    0.0030
   -0.0033    0.9434    0.3317
   -0.0020   -0.3317    0.9434];
ti3 =[-0.0321
   -0.0954
    0.1169];
	
%Right side dataset 3

kb3 =[1.6188   -0.0021    1.4183
         0    1.7402    0.8961
   -0.0000   -0.0000    0.0010];
rj3 =[0.9998   -0.0079    0.0206
    0.0031    0.9743    0.2254
   -0.0219   -0.2253    0.9741];
tj3 =[0.0259
   -0.0993
    0.0749];

%Sem tirar os oculos
%Left side dataset 4

ka4 =[1.5473    0.0142    1.3490
         0    1.6739    0.8823
    0.0000    0.0000    0.0010];
ri4 =[0.9999   -0.0101    0.0039
    0.0090    0.9733    0.2295
   -0.0061   -0.2295    0.9733];
ti4 =[-0.0255
   -0.1037
    0.0679];

%Right side dataset 4

kb4 =[1.8265   -0.0600    1.4285
   -0.0000    1.9822    0.8514
         0         0    0.0010];
rj4 =[0.9997    0.0060   -0.0235
    0.0000    0.9686    0.2484
    0.0242   -0.2484    0.9684];
tj4 =[0.0327
   -0.1028
    0.1100];

%Left side dataset 5

ka5 =[1.6558    0.0061    1.3043
    0.0000    1.7707    0.9543
         0         0    0.0010];
ri5 =[0.9999   -0.0050    0.0127
    0.0024    0.9796    0.2008
   -0.0135   -0.2008    0.9795];
ti5 =[-0.0203
   -0.1083
    0.0799];

%Right side dataset 5

kb5 =[1.1480    0.0046    1.2615
         0    1.2235    0.7580
   -0.0000   -0.0000    0.0010];
rj5 =[0.9965   -0.0230    0.0809
   -0.0012    0.9581    0.2866
   -0.0841   -0.2857    0.9546];
tj5 =[0.0396
   -0.0963
    0.0137];

%Left side dataset 6

ka6 =[1.5517    0.0062    1.3361
         0    1.6795    0.8963
   -0.0000   -0.0000    0.0010];
ri6 =[0.9998   -0.0099    0.0172
    0.0055    0.9717    0.2363
   -0.0191   -0.2361    0.9715];
ti6 =[-0.0259
   -0.1065
    0.0688];

%Right side dataset 6

kb6 =[ 1.5797    0.0094    1.2545
   -0.0000    1.6825    0.9551
         0         0    0.0010];
rj6 =[0.9992   -0.0144    0.0381
    0.0069    0.9817    0.1902
   -0.0401   -0.1898    0.9810];
tj6 =[0.0467
   -0.1038
    0.0634];
	
	
%A tirar os oculos
%Left side dataset 7

ka7 =[1.5056   -0.0227    1.3209
         0    1.5967    0.8784
         0         0    0.0010];
ri7 =[0.9997   -0.0057    0.0221
   -0.0005    0.9622    0.2723
   -0.0228   -0.2722    0.9620];
ti7 =[-0.0249
   -0.1079
    0.0593];

%Right side dataset 7

kb7 =[1.3054   -0.0320    1.3060
         0    1.3610    0.8494
   -0.0000   -0.0000    0.0010];
rj7 =[0.9980   -0.0187    0.0602
    0.0001    0.9554    0.2954
   -0.0631   -0.2948    0.9535];
tj7 =[0.0346
   -0.1079
    0.0333];

%Left side dataset 8

ka8 =[1.3831    0.0165    1.3050
    0.0000    1.4436    0.8808
         0         0    0.0010];
ri8 =[0.9995   -0.0174    0.0273
    0.0107    0.9731    0.2300
   -0.0306   -0.2296    0.9728];
ti8 =[-0.0228
   -0.1013
    0.0391];

%Right side dataset 8

kb8 =[1.6395   -0.0419    1.2934
         0    1.7128    0.8996
         0         0    0.0010];
rj8 =[0.9985   -0.0136    0.0523
    0.0003    0.9690    0.2472
   -0.0540   -0.2468    0.9676];
tj8 =[0.0373
   -0.1065
    0.0766];

%Left side dataset 9

ka9 =[1.6422   -0.0231    1.3178
   -0.0000    1.7165    0.8616
    0.0000   -0.0000    0.0010];
ri9 =[0.9998   -0.0093    0.0164
    0.0048    0.9671    0.2544
   -0.0182   -0.2543    0.9670];
ti9 =[-0.0237
   -0.1002
    0.0805];

%Right side dataset 9

kb9 =[1.4275   -0.0478    1.2969
         0    1.5150    0.9848
    0.0000    0.0000    0.0010];
rj9 =[0.9967   -0.0210    0.0787
    0.0047    0.9794    0.2017
   -0.0814   -0.2007    0.9763];
tj9 =[0.0319
   -0.1085
    0.0420];